,700 nm,690 nm,680 nm,671 nm,660 nm,650 nm,640 nm,632 nm,620 nm,610 nm,600 nm,589 nm,580 nm,570 nm,560 nm,550 nm,540 nm,532 nm,520 nm,510 nm,500 nm,492 nm,480 nm,470 nm,460 nm,450 nm,440 nm,430 nm,420 nm,410 nm,400 nm,390 nm,380 nm,370 nm,360 nm,350 nm,340 nm,330 nm,320 nm,310 nm,300 nm
700 nm,NaN,NaN,NaN,NaN,NaN,NaN,NaN,NaN,NaN,NaN,NaN,NaN,NaN,NaN,NaN,NaN,NaN,NaN,NaN,Inf,Inf,Inf,Inf,Inf,Inf,Inf,Inf,Inf,Inf,Inf,Inf,Inf,Inf,Inf,Inf,Inf,Inf,Inf,Inf,Inf,Inf
690 nm,NaN,NaN,NaN,NaN,NaN,NaN,NaN,NaN,NaN,NaN,NaN,NaN,NaN,NaN,NaN,NaN,NaN,NaN,NaN,Inf,Inf,Inf,Inf,Inf,Inf,Inf,Inf,Inf,Inf,Inf,Inf,Inf,Inf,Inf,Inf,Inf,Inf,Inf,Inf,Inf,Inf
680 nm,NaN,NaN,NaN,NaN,NaN,NaN,NaN,NaN,NaN,NaN,NaN,NaN,NaN,NaN,NaN,NaN,NaN,NaN,NaN,Inf,Inf,Inf,Inf,Inf,Inf,Inf,Inf,Inf,Inf,Inf,Inf,Inf,Inf,Inf,Inf,Inf,Inf,Inf,Inf,Inf,Inf
671 nm,NaN,NaN,NaN,NaN,NaN,NaN,NaN,NaN,NaN,NaN,NaN,NaN,NaN,NaN,NaN,NaN,NaN,NaN,NaN,Inf,Inf,Inf,Inf,Inf,Inf,Inf,Inf,Inf,Inf,Inf,Inf,Inf,Inf,Inf,Inf,Inf,Inf,Inf,Inf,Inf,Inf
660 nm,NaN,NaN,NaN,NaN,NaN,NaN,NaN,NaN,NaN,NaN,NaN,NaN,NaN,NaN,NaN,NaN,NaN,NaN,NaN,Inf,Inf,Inf,Inf,Inf,Inf,Inf,Inf,Inf,Inf,Inf,Inf,Inf,Inf,Inf,Inf,Inf,Inf,Inf,Inf,Inf,Inf
650 nm,NaN,NaN,NaN,NaN,NaN,NaN,NaN,NaN,NaN,NaN,NaN,NaN,NaN,NaN,NaN,NaN,NaN,NaN,NaN,Inf,Inf,Inf,Inf,Inf,Inf,Inf,Inf,Inf,Inf,Inf,Inf,Inf,Inf,Inf,Inf,Inf,Inf,Inf,Inf,Inf,Inf
640 nm,NaN,NaN,NaN,NaN,NaN,NaN,NaN,NaN,NaN,NaN,NaN,NaN,NaN,NaN,NaN,NaN,NaN,NaN,NaN,Inf,Inf,Inf,Inf,Inf,Inf,Inf,Inf,Inf,Inf,Inf,Inf,Inf,Inf,Inf,Inf,Inf,Inf,Inf,Inf,Inf,Inf
632 nm,NaN,NaN,NaN,NaN,NaN,NaN,NaN,NaN,NaN,NaN,NaN,NaN,NaN,NaN,NaN,NaN,NaN,NaN,NaN,Inf,Inf,Inf,Inf,Inf,Inf,Inf,Inf,Inf,Inf,Inf,Inf,Inf,Inf,Inf,Inf,Inf,Inf,Inf,Inf,Inf,Inf
620 nm,NaN,NaN,NaN,NaN,NaN,NaN,NaN,NaN,NaN,NaN,NaN,NaN,NaN,NaN,NaN,NaN,NaN,NaN,NaN,Inf,Inf,Inf,Inf,Inf,Inf,Inf,Inf,Inf,Inf,Inf,Inf,Inf,Inf,Inf,Inf,Inf,Inf,Inf,Inf,Inf,Inf
610 nm,NaN,NaN,NaN,NaN,NaN,NaN,NaN,NaN,NaN,NaN,NaN,NaN,NaN,NaN,NaN,NaN,NaN,NaN,NaN,Inf,Inf,Inf,Inf,Inf,Inf,Inf,Inf,Inf,Inf,Inf,Inf,Inf,Inf,Inf,Inf,Inf,Inf,Inf,Inf,Inf,Inf
600 nm,NaN,NaN,NaN,NaN,NaN,NaN,NaN,NaN,NaN,NaN,NaN,NaN,NaN,NaN,NaN,NaN,NaN,NaN,NaN,Inf,Inf,Inf,Inf,Inf,Inf,Inf,Inf,Inf,Inf,Inf,Inf,Inf,Inf,Inf,Inf,Inf,Inf,Inf,Inf,Inf,Inf
589 nm,NaN,NaN,NaN,NaN,NaN,NaN,NaN,NaN,NaN,NaN,NaN,NaN,NaN,NaN,NaN,NaN,NaN,NaN,NaN,Inf,Inf,Inf,Inf,Inf,Inf,Inf,Inf,Inf,Inf,Inf,Inf,Inf,Inf,Inf,Inf,Inf,Inf,Inf,Inf,Inf,Inf
580 nm,NaN,NaN,NaN,NaN,NaN,NaN,NaN,NaN,NaN,NaN,NaN,NaN,NaN,NaN,NaN,NaN,NaN,NaN,NaN,Inf,Inf,Inf,Inf,Inf,Inf,Inf,Inf,Inf,Inf,Inf,Inf,Inf,Inf,Inf,Inf,Inf,Inf,Inf,Inf,Inf,Inf
570 nm,NaN,NaN,NaN,NaN,NaN,NaN,NaN,NaN,NaN,NaN,NaN,NaN,NaN,NaN,NaN,NaN,NaN,NaN,NaN,Inf,Inf,Inf,Inf,Inf,Inf,Inf,Inf,Inf,Inf,Inf,Inf,Inf,Inf,Inf,Inf,Inf,Inf,Inf,Inf,Inf,Inf
560 nm,NaN,NaN,NaN,NaN,NaN,NaN,NaN,NaN,NaN,NaN,NaN,NaN,NaN,NaN,NaN,NaN,NaN,NaN,NaN,Inf,Inf,Inf,Inf,Inf,Inf,Inf,Inf,Inf,Inf,Inf,Inf,Inf,Inf,Inf,Inf,Inf,Inf,Inf,Inf,Inf,Inf
550 nm,NaN,NaN,NaN,NaN,NaN,NaN,NaN,NaN,NaN,NaN,NaN,NaN,NaN,NaN,NaN,NaN,NaN,NaN,NaN,Inf,Inf,Inf,Inf,Inf,Inf,Inf,Inf,Inf,Inf,Inf,Inf,Inf,Inf,Inf,Inf,Inf,Inf,Inf,Inf,Inf,Inf
540 nm,NaN,NaN,NaN,NaN,NaN,NaN,NaN,NaN,NaN,NaN,NaN,NaN,NaN,NaN,NaN,NaN,NaN,NaN,NaN,Inf,Inf,Inf,Inf,Inf,Inf,Inf,Inf,Inf,Inf,Inf,Inf,Inf,Inf,Inf,Inf,Inf,Inf,Inf,Inf,Inf,Inf
532 nm,NaN,NaN,NaN,NaN,NaN,NaN,NaN,NaN,NaN,NaN,NaN,NaN,NaN,NaN,NaN,NaN,NaN,NaN,NaN,Inf,Inf,Inf,Inf,Inf,Inf,Inf,Inf,Inf,Inf,Inf,Inf,Inf,Inf,Inf,Inf,Inf,Inf,Inf,Inf,Inf,Inf
520 nm,NaN,NaN,NaN,NaN,NaN,NaN,NaN,NaN,NaN,NaN,NaN,NaN,NaN,NaN,NaN,NaN,NaN,NaN,NaN,Inf,Inf,Inf,Inf,Inf,Inf,Inf,Inf,Inf,Inf,Inf,Inf,Inf,Inf,Inf,Inf,Inf,Inf,Inf,Inf,Inf,Inf
510 nm,Inf,Inf,Inf,Inf,Inf,Inf,Inf,Inf,Inf,Inf,Inf,Inf,Inf,Inf,Inf,Inf,Inf,Inf,Inf,0,4.57491,6.03545,6.28546,5.19752,3.4823,0.85137,1.69218,3.69475,4.87615,5.28467,5.10967,4.52351,3.73661,2.97884,1.28527,1.98692,4.09136,5.40882,5.90041,6.48761,3.63563
500 nm,Inf,Inf,Inf,Inf,Inf,Inf,Inf,Inf,Inf,Inf,Inf,Inf,Inf,Inf,Inf,Inf,Inf,Inf,Inf,4.57491,0,1.87202,2.96069,2.80093,2.02017,0.60298,1.09446,2.40172,3.22061,3.58816,3.49817,3.11659,2.57735,2.05328,0.90155,1.36985,2.83755,3.79486,4.15054,4.54246,2.23768
492 nm,Inf,Inf,Inf,Inf,Inf,Inf,Inf,Inf,Inf,Inf,Inf,Inf,Inf,Inf,Inf,Inf,Inf,Inf,Inf,6.03545,1.87202,0,1.39378,1.64684,1.29364,0.35834,0.75644,1.76468,2.40787,2.75905,2.71824,2.45022,2.0338,1.61369,0.66967,1.01369,2.22107,3.03224,3.32555,3.58205,1.73679
480 nm,Inf,Inf,Inf,Inf,Inf,Inf,Inf,Inf,Inf,Inf,Inf,Inf,Inf,Inf,Inf,Inf,Inf,Inf,Inf,6.28546,2.96069,1.39378,0,0.54559,0.56704,0.07,0.49901,1.27344,1.79979,2.27321,2.32098,2.16825,1.8224,1.46203,0.71473,0.78004,1.89536,2.94347,3.44619,3.99243,1.12092
470 nm,Inf,Inf,Inf,Inf,Inf,Inf,Inf,Inf,Inf,Inf,Inf,Inf,Inf,Inf,Inf,Inf,Inf,Inf,Inf,5.19752,2.80093,1.64684,0.54559,0,0.16664,0.06889,0.43067,1.06033,1.52908,2.07968,2.16656,2.05341,1.74867,1.44514,0.84749,0.48971,1.33573,2.39986,3.03797,3.86959,1.12512
460 nm,Inf,Inf,Inf,Inf,Inf,Inf,Inf,Inf,Inf,Inf,Inf,Inf,Inf,Inf,Inf,Inf,Inf,Inf,Inf,3.4823,2.02017,1.29364,0.56704,0.16664,0,0.10557,0.37304,0.89556,1.30448,1.85956,1.96367,1.89774,1.67235,1.44896,1.00233,0.42339,0.64476,1.3556,1.82902,2.51718,1.44962
450 nm,Inf,Inf,Inf,Inf,Inf,Inf,Inf,Inf,Inf,Inf,Inf,Inf,Inf,Inf,Inf,Inf,Inf,Inf,Inf,0.85137,0.60298,0.35834,0.07,0.06889,0.10557,0,0.21514,0.65099,0.99169,1.54126,1.66909,1.68407,1.58591,1.47722,1.22908,0.87055,0.61538,0.49041,0.57243,0.93375,1.39352
440 nm,Inf,Inf,Inf,Inf,Inf,Inf,Inf,Inf,Inf,Inf,Inf,Inf,Inf,Inf,Inf,Inf,Inf,Inf,Inf,1.69218,1.09446,0.75644,0.49901,0.43067,0.37304,0.21514,0,0.41084,0.71682,1.26519,1.41141,1.48745,1.476,1.43863,1.30286,1.10515,0.96457,0.84995,0.8317,1.00543,1.25983
430 nm,Inf,Inf,Inf,Inf,Inf,Inf,Inf,Inf,Inf,Inf,Inf,Inf,Inf,Inf,Inf,Inf,Inf,Inf,Inf,3.69475,2.40172,1.76468,1.27344,1.06033,0.89556,0.65099,0.41084,0,0.2768,0.82741,0.99851,1.15373,1.24576,1.28777,1.26657,1.2242,1.211,1.22519,1.27901,1.54823,1.82621
420 nm,Inf,Inf,Inf,Inf,Inf,Inf,Inf,Inf,Inf,Inf,Inf,Inf,Inf,Inf,Inf,Inf,Inf,Inf,Inf,4.87615,3.22061,2.40787,1.79979,1.52908,1.30448,0.99169,0.71682,0.2768,0,0.56463,0.75316,0.95749,1.11119,1.1994,1.24023,1.27926,1.33523,1.42778,1.53884,1.93696,2.67283
410 nm,Inf,Inf,Inf,Inf,Inf,Inf,Inf,Inf,Inf,Inf,Inf,Inf,Inf,Inf,Inf,Inf,Inf,Inf,Inf,5.28467,3.58816,2.75905,2.27321,2.07968,1.85956,1.54126,1.26519,0.82741,0.56463,0,0.20386,0.45452,0.66275,0.78905,0.87832,0.97658,1.08072,1.22744,1.37935,1.87611,3.58866
400 nm,Inf,Inf,Inf,Inf,Inf,Inf,Inf,Inf,Inf,Inf,Inf,Inf,Inf,Inf,Inf,Inf,Inf,Inf,Inf,5.10967,3.49817,2.71824,2.32098,2.16656,1.96367,1.66909,1.41141,0.99851,0.75316,0.20386,0,0.25735,0.47259,0.60273,0.69773,0.80296,0.91403,1.07176,1.2348,1.76585,3.75396
390 nm,Inf,Inf,Inf,Inf,Inf,Inf,Inf,Inf,Inf,Inf,Inf,Inf,Inf,Inf,Inf,Inf,Inf,Inf,Inf,4.52351,3.11659,2.45022,2.16825,2.05341,1.89774,1.68407,1.48745,1.15373,0.95749,0.45452,0.25735,0,0.21294,0.33879,0.43272,0.54107,0.6653,0.85438,1.05248,1.68854,3.81693
380 nm,Inf,Inf,Inf,Inf,Inf,Inf,Inf,Inf,Inf,Inf,Inf,Inf,Inf,Inf,Inf,Inf,Inf,Inf,Inf,3.73661,2.57735,2.0338,1.8224,1.74867,1.67235,1.58591,1.476,1.24576,1.11119,0.66275,0.47259,0.21294,0,0.12359,0.22381,0.35679,0.52704,0.79311,1.06281,1.88933,4.0615
370 nm,Inf,Inf,Inf,Inf,Inf,Inf,Inf,Inf,Inf,Inf,Inf,Inf,Inf,Inf,Inf,Inf,Inf,Inf,Inf,2.97884,2.05328,1.61369,1.46203,1.44514,1.44896,1.47722,1.43863,1.28777,1.1994,0.78905,0.60273,0.33879,0.12359,0,0.10927,0.26954,0.48048,0.80687,1.13103,2.10428,4.36107
360 nm,Inf,Inf,Inf,Inf,Inf,Inf,Inf,Inf,Inf,Inf,Inf,Inf,Inf,Inf,Inf,Inf,Inf,Inf,Inf,1.28527,0.90155,0.66967,0.71473,0.84749,1.00233,1.22908,1.30286,1.26657,1.24023,0.87832,0.69773,0.43272,0.22381,0.10927,0,0.17956,0.42866,0.82038,1.20913,2.3657,4.81814
350 nm,Inf,Inf,Inf,Inf,Inf,Inf,Inf,Inf,Inf,Inf,Inf,Inf,Inf,Inf,Inf,Inf,Inf,Inf,Inf,1.98692,1.36985,1.01369,0.78004,0.48971,0.42339,0.87055,1.10515,1.2242,1.27926,0.97658,0.80296,0.54107,0.35679,0.26954,0.17956,0,0.2805,0.74701,1.22197,2.64028,5.76017
340 nm,Inf,Inf,Inf,Inf,Inf,Inf,Inf,Inf,Inf,Inf,Inf,Inf,Inf,Inf,Inf,Inf,Inf,Inf,Inf,4.09136,2.83755,2.22107,1.89536,1.33573,0.64476,0.61538,0.96457,1.211,1.33523,1.08072,0.91403,0.6653,0.52704,0.48048,0.42866,0.2805,0,0.50854,1.05438,2.72394,6.9313
330 nm,Inf,Inf,Inf,Inf,Inf,Inf,Inf,Inf,Inf,Inf,Inf,Inf,Inf,Inf,Inf,Inf,Inf,Inf,Inf,5.40882,3.79486,3.03224,2.94347,2.39986,1.3556,0.49041,0.84995,1.22519,1.42778,1.22744,1.07176,0.85438,0.79311,0.80687,0.82038,0.74701,0.50854,0,0.61313,2.63906,8.82566
320 nm,Inf,Inf,Inf,Inf,Inf,Inf,Inf,Inf,Inf,Inf,Inf,Inf,Inf,Inf,Inf,Inf,Inf,Inf,Inf,5.90041,4.15054,3.32555,3.44619,3.03797,1.82902,0.57243,0.8317,1.27901,1.53884,1.37935,1.2348,1.05248,1.06281,1.13103,1.20913,1.22197,1.05438,0.61313,0,2.31073,10.70269
310 nm,Inf,Inf,Inf,Inf,Inf,Inf,Inf,Inf,Inf,Inf,Inf,Inf,Inf,Inf,Inf,Inf,Inf,Inf,Inf,6.48761,4.54246,3.58205,3.99243,3.86959,2.51718,0.93375,1.00543,1.54823,1.93696,1.87611,1.76585,1.68854,1.88933,2.10428,2.3657,2.64028,2.72394,2.63906,2.31073,0,15.94551
300 nm,Inf,Inf,Inf,Inf,Inf,Inf,Inf,Inf,Inf,Inf,Inf,Inf,Inf,Inf,Inf,Inf,Inf,Inf,Inf,3.63563,2.23768,1.73679,1.12092,1.12512,1.44962,1.39352,1.25983,1.82621,2.67283,3.58866,3.75396,3.81693,4.0615,4.36107,4.81814,5.76017,6.9313,8.82566,10.70269,15.94551,0
