,700 nm,690 nm,680 nm,671 nm,660 nm,650 nm,640 nm,632 nm,620 nm,610 nm,600 nm,589 nm,580 nm,570 nm,560 nm,550 nm,540 nm,532 nm,520 nm,510 nm,500 nm,492 nm,480 nm,470 nm,460 nm,450 nm,440 nm,430 nm,420 nm,410 nm,400 nm,390 nm,380 nm,370 nm,360 nm,350 nm,340 nm,330 nm,320 nm,310 nm,300 nm
700 nm,0,39.50815,60.12484,82.53624,94.68245,112.22328,126.01079,135.49422,140.3737,148.47593,148.75691,148.30305,142.49947,136.57343,122.26789,106.03782,86.51481,75.63818,54.50505,56.53766,59.14119,74.96029,102.16272,117.9565,118.39368,104.02255,83.15639,49.44258,23.87093,8.79958,18.9014,28.73148,38.112,44.43646,49.0671,55.446,63.80163,81.2743,102.28119,170.71423,145.38827
690 nm,39.50815,0,21.64067,45.42301,59.01859,78.32382,93.40512,104.31991,110.68777,120.57056,122.77331,124.58899,120.30522,116.92576,105.65272,92.42495,75.90271,66.5752,48.08832,49.88521,52.26059,66.51864,91.19707,105.83193,106.72157,94.3882,75.7901,45.24566,21.88927,8.10647,17.41923,26.54461,35.21074,40.98794,45.1469,50.70611,57.89441,72.8869,90.82697,148.25932,130.91231
680 nm,60.12484,21.64067,0,24.34956,38.79654,59.3032,75.25981,87.07528,94.35804,105.27508,108.54826,111.62156,108.17271,106.1917,96.58411,85.00821,70.11361,61.59232,44.23122,45.42621,47.28364,60.29202,83.19072,97.13019,98.5205,87.87981,70.97215,42.58714,20.64174,7.64742,16.42862,24.97698,33.00438,38.2913,41.93419,46.67316,52.88677,66.09176,82.00465,132.78623,120.66797
671 nm,82.53624,45.42301,24.34956,0,15.14294,36.86601,53.81129,66.67759,75.04599,87.19313,91.73561,96.30231,93.84356,93.52261,85.89172,76.28004,63.30157,55.71286,39.51417,39.72233,40.71259,52.00801,72.58194,85.66759,87.8064,79.55598,64.94856,39.3494,19.13738,7.09225,15.22668,23.05041,30.26106,34.92173,37.89832,41.60016,46.62665,57.75851,71.43377,115.42915,108.15514
660 nm,94.68245,59.01859,38.79654,15.14294,0,22.44071,40.06234,53.64383,62.76996,75.74707,81.11197,86.64656,84.82283,85.57013,79.21195,70.87554,59.09283,52.03466,36.05276,34.74176,34.33386,43.75388,62.12904,74.54485,77.61398,72.0554,59.86874,36.85302,18.01787,6.66432,14.28652,21.43333,27.8126,31.81858,34.01609,36.52446,40.31248,49.5804,61.48855,100.77314,98.05994
650 nm,112.22328,78.32382,59.3032,36.86601,22.44071,0,18.28569,32.78043,42.94918,57.17641,63.85706,70.96033,70.17825,72.68567,68.42911,62.21043,52.43225,46.30889,31.02829,27.35754,24.41427,30.58482,45.40827,56.57111,60.86954,59.57815,51.59735,33.07573,16.41311,6.08787,13.00516,19.23626,24.43307,27.49339,28.61968,29.52094,31.68363,38.67907,48.61485,83.01187,84.88389
640 nm,126.01079,93.40512,75.25981,53.81129,40.06234,18.28569,0,15.11614,26.08213,41.3236,49.11807,57.55459,57.66879,61.69316,59.26146,54.89126,46.93523,41.72536,27.62419,22.34604,17.06154,19.95002,31.70818,41.537,46.33868,48.02933,43.72094,29.66217,15.06716,5.62764,11.95457,17.36738,21.49201,23.7388,24.01036,23.71053,24.75929,30.46643,39.44387,71.32296,75.66749
632 nm,135.49422,104.31991,87.07528,66.67759,53.64383,32.78043,15.11614,0,11.56674,27.66517,36.42077,45.99906,46.88987,52.23021,51.40366,48.67153,42.42722,38.12992,25.61811,19.46256,12.20911,10.5197,19.06523,27.4508,32.19754,35.73452,34.65182,25.7374,13.6767,5.16615,10.84442,15.22746,18.11434,19.54468,18.99952,17.58514,17.73869,22.91231,31.68213,62.31185,68.46495
620 nm,140.3737,110.68777,94.35804,75.04599,62.76996,42.94918,26.08213,11.56674,0,16.688,26.24369,36.76042,38.29504,44.73379,45.26808,43.95099,39.26646,35.85796,25.28815,19.21696,11.89588,4.70362,7.11553,14.26909,18.51078,22.42754,23.32765,20.1973,12.06524,4.74565,9.62376,12.65563,14.29885,15.09211,13.90986,11.44007,10.84597,16.49332,25.72729,55.83597,63.25137
610 nm,148.47593,120.57056,105.27508,87.19313,75.74707,57.17641,41.3236,27.66517,16.688,0,10.61099,22.50312,24.99165,33.02933,35.52626,36.20501,33.75042,31.63583,24.13052,19.42067,14.27949,9.03323,4.56599,7.00827,9.6062,11.69976,11.65891,11.07574,8.59077,4.03562,7.43019,9.25582,10.40152,11.04163,9.6714,6.38287,5.08124,12.01144,21.36396,49.62981,57.04658
600 nm,148.75691,122.77331,108.54826,91.73561,81.11197,63.85706,49.11807,36.42077,26.24369,10.61099,0,12.63365,15.75562,24.83094,28.5913,30.5249,29.51011,28.22778,22.67828,19.00222,15.21055,11.4638,8.07848,8.0795,9.05584,9.39099,7.82082,5.54309,4.91759,3.06671,5.57244,7.48186,8.72353,9.39846,8.05166,4.40286,2.42414,10.38018,19.45963,46.13114,53.15357
589 nm,148.30305,124.58899,111.62156,96.30231,86.64656,70.96033,57.55459,45.99906,36.76042,22.50312,12.63365,0,3.80181,14.13147,19.52775,23.07245,23.85719,23.60514,20.42926,17.99897,15.68858,13.43671,11.37414,10.94507,11.1054,10.4798,8.51012,5.481,4.47918,2.3504,4.57661,6.47002,7.6685,8.31255,7.07347,3.54492,1.12125,9.24707,17.61226,41.93569,48.20186
580 nm,142.49947,120.30522,108.17271,93.84356,84.82283,70.17825,57.66879,46.88987,38.29504,24.99165,15.75562,3.80181,0,10.55787,16.45083,20.47191,21.79754,21.84903,19.35048,17.29032,15.36268,13.50079,11.82875,11.49137,11.61749,10.97017,9.1443,6.44241,5.17535,2.5933,4.67406,6.37023,7.49724,8.11316,6.9161,3.5452,1.39646,9.01628,17.10938,40.5814,46.55995
570 nm,136.57343,116.92576,106.1917,93.52261,85.57013,72.68567,61.69316,52.23021,44.73379,33.02933,24.83094,14.13147,10.55787,0,7.12905,12.5835,15.49158,16.41145,15.77436,14.62054,13.60382,12.55818,11.62516,11.49121,11.61618,11.05694,9.59565,7.42899,5.64838,2.62581,4.63675,5.9684,6.91437,7.45196,6.39071,3.49264,1.91145,8.26894,15.50162,36.28091,41.27808
560 nm,122.26789,105.65272,96.58411,85.89172,79.21195,68.42911,59.26146,51.40366,45.26808,35.52626,28.5913,19.52775,16.45083,7.12905,0,6.19329,10.19069,11.7111,12.30421,11.72154,11.20205,10.57674,10.02559,10.05712,10.25802,9.85731,8.61313,6.71775,5.09317,2.35641,4.19951,5.42352,6.29885,6.79877,5.83569,3.18383,1.7288,7.56959,14.16764,32.46109,36.44211
550 nm,106.03782,92.42495,85.00821,76.28004,70.87554,62.21043,54.89126,48.67153,43.95099,36.20501,30.5249,23.07245,20.47191,12.5835,6.19329,0,4.82318,6.91132,8.77824,8.78446,8.7933,8.60057,8.42915,8.61454,8.88344,8.63553,7.60951,5.98713,4.52949,2.09059,3.7527,4.86032,5.66097,6.12106,5.26268,2.87203,1.55466,6.8425,12.74305,28.18072,30.90398
540 nm,86.51481,75.90271,70.11361,63.30157,59.09283,52.43225,46.93523,42.42722,39.26646,33.75042,29.51011,23.85719,21.79754,15.49158,10.19069,4.82318,0,2.31631,4.95202,5.30435,5.50956,5.36228,5.14237,5.37886,5.76325,5.74523,4.81347,3.16981,2.61039,1.32017,2.73061,4.01978,4.8455,5.29577,4.54299,2.28672,0.68965,5.98527,11.18723,23.38916,24.87508
532 nm,75.63818,66.5752,61.59232,55.71286,52.03466,46.30889,41.72536,38.12992,35.85796,31.63583,28.22778,23.60514,21.84903,16.41145,11.7111,6.91132,2.31631,0,2.97237,3.53827,3.89858,3.82198,3.62868,3.96222,4.46313,4.65943,3.92579,2.52772,2.14061,1.13323,2.48087,3.7147,4.49585,4.921,4.24061,2.17297,0.77866,5.58388,10.29483,20.44567,21.17388
520 nm,54.50505,48.08832,44.23122,39.51417,36.05276,31.02829,27.62419,25.61811,25.28815,24.13052,22.67828,20.42926,19.35048,15.77436,12.30421,8.77824,4.95202,2.97237,0,0.81976,1.3669,1.40387,1.5189,2.45183,3.34823,4.17956,4.23925,3.96602,3.04235,1.41893,2.76445,3.56937,4.1473,4.48861,3.94271,2.33014,1.53191,5.11271,8.73156,14.6093,13.36285
510 nm,56.53766,49.88521,45.42621,39.72233,34.74176,27.35754,22.34604,19.46256,19.21696,19.42067,19.00222,17.99897,17.29032,14.62054,11.72154,8.78446,5.30435,3.53827,0.81976,0,0.47081,0.42961,1.22937,2.64639,3.7607,4.93653,5.34561,5.02234,3.29831,1.33024,2.77019,3.65326,4.21832,4.54409,4.01009,2.51295,1.86679,5.21727,8.64144,13.8974,10.60732
500 nm,59.14119,52.26059,47.28364,40.71259,34.33386,24.41427,17.06154,12.20911,11.89588,14.27949,15.21055,15.68858,15.36268,13.60382,11.20205,8.7933,5.50956,3.89858,1.3669,0.47081,0,0.21483,1.27942,2.64533,3.74129,4.93398,5.37044,4.84657,2.99555,1.22322,2.47881,3.31734,3.87937,4.20519,3.68646,2.13891,1.33827,4.90573,8.17553,12.86023,7.45813
492 nm,74.96029,66.51864,60.29202,52.00801,43.75388,30.58482,19.95002,10.5197,4.70362,9.03323,11.4638,13.43671,13.50079,12.55818,10.57674,8.60057,5.36228,3.82198,1.40387,0.42961,0.21483,0,1.05701,2.42655,3.55094,4.77148,5.18643,4.45433,2.63122,1.1354,2.17638,2.92369,3.4553,3.77392,3.27311,1.72359,0.68385,4.47472,7.88616,13.53704,6.08597
480 nm,102.16272,91.19707,83.19072,72.58194,62.12904,45.40827,31.70818,19.06523,7.11553,4.56599,8.07848,11.37414,11.82875,11.62516,10.02559,8.42915,5.14237,3.62868,1.5189,1.22937,1.27942,1.05701,0,1.40769,2.60063,3.8642,4.26943,3.56811,2.0803,1.00681,1.79194,2.40324,2.86322,3.14985,2.73047,1.42241,0.50781,3.81935,7.09929,14.08622,5.06393
470 nm,117.9565,105.83193,97.13019,85.66759,74.54485,56.57111,41.537,27.4508,14.26909,7.00827,8.0795,10.94507,11.49137,11.49121,10.05712,8.61454,5.37886,3.96222,2.45183,2.64639,2.64533,2.42655,1.40769,0,1.26171,2.63549,3.15519,2.73852,1.62373,0.8555,1.48553,2.0061,2.41387,2.67448,2.33721,1.27249,0.62006,3.32367,6.28672,13.57115,3.90317
460 nm,118.39368,106.72157,98.5205,87.8064,77.61398,60.86954,46.33868,32.19754,18.51078,9.6062,9.05584,11.1054,11.61749,11.61618,10.25802,8.88344,5.76325,4.46313,3.34823,3.7607,3.74129,3.55094,2.60063,1.26171,0,1.47534,2.15556,2.06708,1.26763,0.72323,1.25195,1.70995,2.08105,2.32284,2.04781,1.15324,0.62794,2.92991,5.58047,12.41858,2.7782
450 nm,104.02255,94.3882,87.87981,79.55598,72.0554,59.57815,48.02933,35.73452,22.42754,11.69976,9.39099,10.4798,10.97017,11.05694,9.85731,8.63553,5.74523,4.65943,4.17956,4.93653,4.93398,4.77148,3.8642,2.63549,1.47534,0,0.86169,1.20992,0.80476,0.54163,0.96779,1.35789,1.68869,1.90936,1.70784,0.99648,0.51267,2.34962,4.5281,9.91757,1.82068
440 nm,83.15639,75.7901,70.97215,64.94856,59.86874,51.59735,43.72094,34.65182,23.32765,11.65891,7.82082,8.51012,9.1443,9.59565,8.61313,7.60951,4.81347,3.92579,4.23925,5.34561,5.37044,5.18643,4.26943,3.15519,2.15556,0.86169,0,0.58954,0.46073,0.42484,0.77899,1.12191,1.42555,1.63194,1.48559,0.90121,0.33794,1.77854,3.49823,7.26227,1.66066
430 nm,49.44258,45.24566,42.58714,39.3494,36.85302,33.07573,29.66217,25.7374,20.1973,11.07574,5.54309,5.481,6.44241,7.42899,6.71775,5.98713,3.16981,2.52772,3.96602,5.02234,4.84657,4.45433,3.56811,2.73852,2.06708,1.20992,0.58954,0,0.09838,0.32044,0.58408,0.87668,1.15492,1.34909,1.28466,0.89407,0.33207,0.8473,1.87358,3.7172,1.45746
420 nm,23.87093,21.88927,20.64174,19.13738,18.01787,16.41311,15.06716,13.6767,12.06524,8.59077,4.91759,4.47918,5.17535,5.64838,5.09317,4.52949,2.61039,2.14061,3.04235,3.29831,2.99555,2.63122,2.0803,1.62373,1.26763,0.80476,0.46073,0.09838,0,0.27904,0.49947,0.77846,1.05654,1.25339,1.25449,1.0181,0.64382,0.18492,0.69397,1.60495,1.08763
410 nm,8.79958,8.10647,7.64742,7.09225,6.66432,6.08787,5.62764,5.16615,4.74565,4.03562,3.06671,2.3504,2.5933,2.62581,2.35641,2.09059,1.32017,1.13323,1.41893,1.33024,1.22322,1.1354,1.00681,0.8555,0.72323,0.54163,0.42484,0.32044,0.27904,0,0.19096,0.47975,0.78205,0.99844,1.10599,1.09893,1.00477,0.79469,0.64592,0.5763,0.88435
400 nm,18.9014,17.41923,16.42862,15.22668,14.28652,13.00516,11.95457,10.84442,9.62376,7.43019,5.57244,4.57661,4.67406,4.63675,4.19951,3.7527,2.73061,2.48087,2.76445,2.77019,2.47881,2.17638,1.79194,1.48553,1.25195,0.96779,0.77899,0.58408,0.49947,0.19096,0,0.29961,0.61606,0.8431,0.98623,1.05099,1.04282,0.96993,0.94097,1.12166,2.00143
390 nm,28.73148,26.54461,24.97698,23.05041,21.43333,19.23626,17.36738,15.22746,12.65563,9.25582,7.48186,6.47002,6.37023,5.9684,5.42352,4.86032,4.01978,3.7147,3.56937,3.65326,3.31734,2.92369,2.40324,2.0061,1.70995,1.35789,1.12191,0.87668,0.77846,0.47975,0.29961,0,0.32204,0.55518,0.73135,0.86842,0.95464,1.04247,1.16529,1.71916,3.97242
380 nm,38.112,35.21074,33.00438,30.26106,27.8126,24.43307,21.49201,18.11434,14.29885,10.40152,8.72353,7.6685,7.49724,6.91437,6.29885,5.66097,4.8455,4.49585,4.1473,4.21832,3.87937,3.4553,2.86322,2.41387,2.08105,1.68869,1.42555,1.15492,1.05654,0.78205,0.61606,0.32204,0,0.23629,0.44166,0.65037,0.83907,1.09839,1.37599,2.31043,6.01422
370 nm,44.43646,40.98794,38.2913,34.92173,31.81858,27.49339,23.7388,19.54468,15.09211,11.04163,9.39846,8.31255,8.11316,7.45196,6.79877,6.12106,5.29577,4.921,4.48861,4.54409,4.20519,3.77392,3.14985,2.67448,2.32284,1.90936,1.63194,1.34909,1.25339,0.99844,0.8431,0.55518,0.23629,0,0.22312,0.48078,0.74146,1.11415,1.49026,2.67183,7.37187
360 nm,49.0671,45.1469,41.93419,37.89832,34.01609,28.61968,24.01036,18.99952,13.90986,9.6714,8.05166,7.07347,6.9161,6.39071,5.83569,5.26268,4.54299,4.24061,3.94271,4.01009,3.68646,3.27311,2.73047,2.33721,2.04781,1.70784,1.48559,1.28466,1.25449,1.10599,0.98623,0.73135,0.44166,0.22312,0,0.28838,0.61119,1.09213,1.57018,3.02717,8.89719
350 nm,55.446,50.70611,46.67316,41.60016,36.52446,29.52094,23.71053,17.58514,11.44007,6.38287,4.40286,3.54492,3.5452,3.49264,3.18383,2.87203,2.28672,2.17297,2.33014,2.51295,2.13891,1.72359,1.42241,1.27249,1.15324,0.99648,0.90121,0.89407,1.0181,1.09893,1.05099,0.86842,0.65037,0.48078,0.28838,0,0.37025,0.96051,1.55799,3.36728,10.87523
340 nm,63.80163,57.89441,52.88677,46.62665,40.31248,31.68363,24.75929,17.73869,10.84597,5.08124,2.42414,1.12125,1.39646,1.91145,1.7288,1.55466,0.68965,0.77866,1.53191,1.86679,1.33827,0.68385,0.50781,0.62006,0.62794,0.51267,0.33794,0.33207,0.64382,1.00477,1.04282,0.95464,0.83907,0.74146,0.61119,0.37025,0,0.64648,1.33429,3.4592,12.73598
330 nm,81.2743,72.8869,66.09176,57.75851,49.5804,38.67907,30.46643,22.91231,16.49332,12.01144,10.38018,9.24707,9.01628,8.26894,7.56959,6.8425,5.98527,5.58388,5.11271,5.21727,4.90573,4.47472,3.81935,3.32367,2.92991,2.34962,1.77854,0.8473,0.18492,0.79469,0.96993,1.04247,1.09839,1.11415,1.09213,0.96051,0.64648,0,0.76958,3.3276,15.36544
320 nm,102.28119,90.82697,82.00465,71.43377,61.48855,48.61485,39.44387,31.68213,25.72729,21.36396,19.45963,17.61226,17.10938,15.50162,14.16764,12.74305,11.18723,10.29483,8.73156,8.64144,8.17553,7.88616,7.09929,6.28672,5.58047,4.5281,3.49823,1.87358,0.69397,0.64592,0.94097,1.16529,1.37599,1.49026,1.57018,1.55799,1.33429,0.76958,0,2.89885,17.74948
310 nm,170.71423,148.25932,132.78623,115.42915,100.77314,83.01187,71.32296,62.31185,55.83597,49.62981,46.13114,41.93569,40.5814,36.28091,32.46109,28.18072,23.38916,20.44567,14.6093,13.8974,12.86023,13.53704,14.08622,13.57115,12.41858,9.91757,7.26227,3.7172,1.60495,0.5763,1.12166,1.71916,2.31043,2.67183,3.02717,3.36728,3.4592,3.3276,2.89885,0,23.52153
300 nm,145.38827,130.91231,120.66797,108.15514,98.05994,84.88389,75.66749,68.46495,63.25137,57.04658,53.15357,48.20186,46.55995,41.27808,36.44211,30.90398,24.87508,21.17388,13.36285,10.60732,7.45813,6.08597,5.06393,3.90317,2.7782,1.82068,1.66066,1.45746,1.08763,0.88435,2.00143,3.97242,6.01422,7.37187,8.89719,10.87523,12.73598,15.36544,17.74948,23.52153,0
